ID,min_slice,max_slice,min_row,min_col,max_row,max_col,Sample
CILM_CT_100331_0000.nii.gz,59,64,118,54,385,362,10033
CILM_CT_100332_0000.nii.gz,68,75,118,54,385,362,10033
CILM_CT_100431_0000.nii.gz,141,144,124,62,380,319,10043
CILM_CT_100432_0000.nii.gz,181,183,124,62,380,319,10043
CILM_CT_100433_0000.nii.gz,187,189,124,62,380,319,10043
CILM_CT_100434_0000.nii.gz,191,197,124,62,380,319,10043
CILM_CT_100435_0000.nii.gz,200,202,124,62,380,319,10043
CILM_CT_101041_0000.nii.gz,83,83,88,61,369,330,10104
CILM_CT_101042_0000.nii.gz,85,85,88,61,369,330,10104
CILM_CT_101043_0000.nii.gz,86,87,88,61,369,330,10104
CILM_CT_101044_0000.nii.gz,93,95,88,61,369,330,10104
CILM_CT_101045_0000.nii.gz,102,103,88,61,369,330,10104
CILM_CT_102031_0000.nii.gz,147,193,93,48,385,353,10203
CILM_CT_107021_0000.nii.gz,109,111,143,95,372,318,10702
CILM_CT_107022_0000.nii.gz,120,124,143,95,372,318,10702
CILM_CT_107023_0000.nii.gz,125,132,143,95,372,318,10702
CILM_CT_107024_0000.nii.gz,141,147,143,95,372,318,10702
CILM_CT_107025_0000.nii.gz,149,155,143,95,372,318,10702
CILM_CT_107851_0000.nii.gz,56,75,140,101,335,380,10785
CILM_CT_108711_0000.nii.gz,344,350,56,59,329,314,10871
CILM_CT_108712_0000.nii.gz,391,398,56,59,329,314,10871
CILM_CT_108713_0000.nii.gz,441,445,56,59,329,314,10871
CILM_CT_108714_0000.nii.gz,448,457,56,59,329,314,10871
CILM_CT_109291_0000.nii.gz,42,42,87,38,348,336,10929
CILM_CT_109292_0000.nii.gz,52,72,87,38,348,336,10929
CILM_CT_109301_0000.nii.gz,104,107,148,80,373,325,10930
CILM_CT_109302_0000.nii.gz,108,113,148,80,373,325,10930
CILM_CT_109303_0000.nii.gz,116,124,148,80,373,325,10930
CILM_CT_109541_0000.nii.gz,11,15,123,89,341,324,10954
CILM_CT_109542_0000.nii.gz,27,29,123,89,341,324,10954
CILM_CT_109543_0000.nii.gz,36,37,123,89,341,324,10954
CILM_CT_109631_0000.nii.gz,115,121,133,70,375,296,10963
CILM_CT_111111_0000.nii.gz,8,8,93,46,372,387,11111
CILM_CT_111112_0000.nii.gz,29,31,93,46,372,387,11111
CILM_CT_111113_0000.nii.gz,35,38,93,46,372,387,11111
CILM_CT_111114_0000.nii.gz,39,39,93,46,372,387,11111
CILM_CT_111361_0000.nii.gz,397,400,130,73,365,345,11136
CILM_CT_111362_0000.nii.gz,411,418,130,73,365,345,11136
CILM_CT_111363_0000.nii.gz,420,424,130,73,365,345,11136
CILM_CT_111364_0000.nii.gz,425,457,130,73,365,345,11136
CILM_CT_111365_0000.nii.gz,459,467,130,73,365,345,11136
CILM_CT_111366_0000.nii.gz,471,497,130,73,365,345,11136
CILM_CT_111367_0000.nii.gz,501,505,130,73,365,345,11136
CILM_CT_111551_0000.nii.gz,63,67,138,43,387,328,11155
CILM_CT_111552_0000.nii.gz,68,72,138,43,387,328,11155
CILM_CT_111553_0000.nii.gz,73,77,138,43,387,328,11155
CILM_CT_114471_0000.nii.gz,107,116,129,59,372,322,11447
CILM_CT_114472_0000.nii.gz,119,128,129,59,372,322,11447
CILM_CT_116551_0000.nii.gz,6,13,144,58,391,349,11655
CILM_CT_116552_0000.nii.gz,27,30,144,58,391,349,11655
CILM_CT_116561_0000.nii.gz,18,24,160,67,381,383,11656
CILM_CT_117841_0000.nii.gz,62,62,104,71,336,356,11784
CILM_CT_117842_0000.nii.gz,63,63,104,71,336,356,11784
CILM_CT_117843_0000.nii.gz,66,72,104,71,336,356,11784
CILM_CT_117844_0000.nii.gz,73,74,104,71,336,356,11784
CILM_CT_117845_0000.nii.gz,75,76,104,71,336,356,11784
CILM_CT_117846_0000.nii.gz,77,77,104,71,336,356,11784
CILM_CT_119091_0000.nii.gz,74,75,155,93,407,336,11909
CILM_CT_119092_0000.nii.gz,81,81,155,93,407,336,11909
CILM_CT_119093_0000.nii.gz,84,86,155,93,407,336,11909
CILM_CT_119761_0000.nii.gz,85,92,125,75,380,328,11976
CILM_CT_120171_0000.nii.gz,17,18,150,76,367,318,12017
CILM_CT_120172_0000.nii.gz,19,19,150,76,367,318,12017
CILM_CT_120173_0000.nii.gz,30,34,150,76,367,318,12017
CILM_CT_121901_0000.nii.gz,111,113,172,56,432,336,12190
CILM_CT_122761_0000.nii.gz,17,23,182,55,450,298,12276
CILM_CT_122762_0000.nii.gz,36,38,182,55,450,298,12276
CILM_CT_122763_0000.nii.gz,41,41,182,55,450,298,12276
CILM_CT_125751_0000.nii.gz,74,79,98,58,345,368,12575
CILM_CT_127241_0000.nii.gz,69,69,107,82,331,291,12724
CILM_CT_127242_0000.nii.gz,78,79,107,82,331,291,12724
CILM_CT_129061_0000.nii.gz,78,79,105,55,365,351,12906
CILM_CT_129062_0000.nii.gz,80,80,105,55,365,351,12906
CILM_CT_129063_0000.nii.gz,81,81,105,55,365,351,12906
CILM_CT_129064_0000.nii.gz,92,93,105,55,365,351,12906
CILM_CT_129271_0000.nii.gz,26,35,104,56,348,333,12927
CILM_CT_129272_0000.nii.gz,59,74,104,56,348,333,12927
CILM_CT_129571_0000.nii.gz,85,109,73,52,366,421,12957
CILM_CT_131631_0000.nii.gz,66,74,136,70,379,294,13163
CILM_CT_131632_0000.nii.gz,75,75,136,70,379,294,13163
CILM_CT_131633_0000.nii.gz,82,82,136,70,379,294,13163
CILM_CT_131634_0000.nii.gz,84,84,136,70,379,294,13163
CILM_CT_132361_0000.nii.gz,70,70,130,28,381,320,13236
CILM_CT_132362_0000.nii.gz,79,81,130,28,381,320,13236
CILM_CT_133291_0000.nii.gz,33,33,96,31,406,429,13329
CILM_CT_133292_0000.nii.gz,34,34,96,31,406,429,13329
CILM_CT_133293_0000.nii.gz,38,49,96,31,406,429,13329
CILM_CT_134161_0000.nii.gz,28,44,135,47,409,380,13416
CILM_CT_134162_0000.nii.gz,53,68,135,47,409,380,13416
CILM_CT_134191_0000.nii.gz,23,31,10,27,342,309,13419
CILM_CT_136511_0000.nii.gz,8,15,139,69,360,314,13651
CILM_CT_136512_0000.nii.gz,17,20,139,69,360,314,13651
CILM_CT_136513_0000.nii.gz,24,24,139,69,360,314,13651
CILM_CT_137141_0000.nii.gz,125,132,118,46,358,309,13714
CILM_CT_138591_0000.nii.gz,26,31,102,56,356,302,13859
CILM_CT_138851_0000.nii.gz,0,8,103,42,404,424,13885
CILM_CT_138852_0000.nii.gz,24,36,103,42,404,424,13885
CILM_CT_139991_0000.nii.gz,56,57,86,44,348,352,13999
CILM_CT_139992_0000.nii.gz,58,65,86,44,348,352,13999
CILM_CT_139993_0000.nii.gz,71,73,86,44,348,352,13999
CILM_CT_139994_0000.nii.gz,74,74,86,44,348,352,13999
CILM_CT_140251_0000.nii.gz,5,5,132,72,345,397,14025
CILM_CT_140252_0000.nii.gz,7,8,132,72,345,397,14025
CILM_CT_141421_0000.nii.gz,125,141,136,73,365,364,14142
CILM_CT_141422_0000.nii.gz,144,145,136,73,365,364,14142
CILM_CT_141423_0000.nii.gz,155,162,136,73,365,364,14142
CILM_CT_141424_0000.nii.gz,165,166,136,73,365,364,14142
CILM_CT_141425_0000.nii.gz,169,170,136,73,365,364,14142
CILM_CT_141426_0000.nii.gz,173,175,136,73,365,364,14142
CILM_CT_141427_0000.nii.gz,176,178,136,73,365,364,14142
CILM_CT_141511_0000.nii.gz,55,55,155,65,393,360,14151
CILM_CT_141512_0000.nii.gz,64,69,155,65,393,360,14151
CILM_CT_142301_0000.nii.gz,91,95,144,76,372,333,14230
CILM_CT_142491_0000.nii.gz,81,82,128,36,374,329,14249
CILM_CT_142492_0000.nii.gz,85,85,128,36,374,329,14249
CILM_CT_142493_0000.nii.gz,91,98,128,36,374,329,14249
CILM_CT_142991_0000.nii.gz,100,108,88,69,331,371,14299
CILM_CT_142992_0000.nii.gz,133,137,88,69,331,371,14299
CILM_CT_143591_0000.nii.gz,22,37,108,62,341,337,14359
CILM_CT_143592_0000.nii.gz,44,49,108,62,341,337,14359
CILM_CT_143593_0000.nii.gz,57,61,108,62,341,337,14359
CILM_CT_148491_0000.nii.gz,124,126,167,82,390,340,14849
CILM_CT_150141_0000.nii.gz,72,76,99,52,371,381,15014
CILM_CT_150142_0000.nii.gz,78,78,99,52,371,381,15014
CILM_CT_152711_0000.nii.gz,60,60,116,56,369,282,15271
CILM_CT_152712_0000.nii.gz,61,61,116,56,369,282,15271
CILM_CT_152713_0000.nii.gz,62,62,116,56,369,282,15271
CILM_CT_152714_0000.nii.gz,63,68,116,56,369,282,15271
CILM_CT_152715_0000.nii.gz,71,71,116,56,369,282,15271
CILM_CT_152831_0000.nii.gz,11,13,82,52,353,336,15283
CILM_CT_152832_0000.nii.gz,25,31,82,52,353,336,15283
CILM_CT_152833_0000.nii.gz,39,39,82,52,353,336,15283
CILM_CT_155661_0000.nii.gz,17,19,103,35,354,366,15566
CILM_CT_155791_0000.nii.gz,64,66,125,72,335,317,15579
CILM_CT_158131_0000.nii.gz,68,71,120,49,376,284,15813
CILM_CT_158132_0000.nii.gz,75,75,120,49,376,284,15813
CILM_CT_158201_0000.nii.gz,60,65,107,59,350,303,15820
CILM_CT_158202_0000.nii.gz,68,68,107,59,350,303,15820
CILM_CT_158203_0000.nii.gz,70,70,107,59,350,303,15820
CILM_CT_158204_0000.nii.gz,71,71,107,59,350,303,15820
CILM_CT_164661_0000.nii.gz,53,54,101,50,374,329,16466
CILM_CT_164662_0000.nii.gz,55,63,101,50,374,329,16466
CILM_CT_165551_0000.nii.gz,104,110,131,91,351,372,16555
CILM_CT_166871_0000.nii.gz,63,66,77,55,339,279,16687
CILM_CT_166872_0000.nii.gz,78,84,77,55,339,279,16687
CILM_CT_168771_0000.nii.gz,68,69,144,58,377,301,16877
CILM_CT_168772_0000.nii.gz,70,73,144,58,377,301,16877
CILM_CT_168773_0000.nii.gz,74,74,144,58,377,301,16877
CILM_CT_168774_0000.nii.gz,75,76,144,58,377,301,16877
CILM_CT_168775_0000.nii.gz,80,80,144,58,377,301,16877
CILM_CT_176841_0000.nii.gz,421,438,181,78,353,366,17684
CILM_CT_176842_0000.nii.gz,448,486,181,78,353,366,17684
CILM_CT_177131_0000.nii.gz,33,48,74,31,366,351,17713
CILM_CT_178261_0000.nii.gz,201,203,113,65,413,330,17826
CILM_CT_178262_0000.nii.gz,244,249,113,65,413,330,17826
CILM_CT_178263_0000.nii.gz,270,298,113,65,413,330,17826
CILM_CT_180411_0000.nii.gz,102,108,128,71,366,409,18041
CILM_CT_180412_0000.nii.gz,130,142,128,71,366,409,18041
CILM_CT_180413_0000.nii.gz,148,150,128,71,366,409,18041
CILM_CT_180414_0000.nii.gz,163,163,128,71,366,409,18041
CILM_CT_183411_0000.nii.gz,58,58,157,80,368,408,18341
CILM_CT_183412_0000.nii.gz,60,60,157,80,368,408,18341
CILM_CT_183413_0000.nii.gz,65,65,157,80,368,408,18341
CILM_CT_183414_0000.nii.gz,66,93,157,80,368,408,18341
CILM_CT_186181_0000.nii.gz,67,68,147,85,369,321,18618
CILM_CT_186182_0000.nii.gz,75,77,147,85,369,321,18618
CILM_CT_186183_0000.nii.gz,78,78,147,85,369,321,18618
CILM_CT_188621_0000.nii.gz,193,197,91,49,380,323,18862
CILM_CT_188622_0000.nii.gz,225,232,91,49,380,323,18862
CILM_CT_189951_0000.nii.gz,69,72,135,60,375,382,18995
CILM_CT_189952_0000.nii.gz,78,89,135,60,375,382,18995
CILM_CT_189953_0000.nii.gz,92,104,135,60,375,382,18995
CILM_CT_189954_0000.nii.gz,157,170,135,60,375,382,18995
CILM_CT_191421_0000.nii.gz,0,1,91,32,396,373,19142
CILM_CT_191422_0000.nii.gz,120,129,91,32,396,373,19142
CILM_CT_191871_0000.nii.gz,122,124,106,59,369,324,19187
CILM_CT_191872_0000.nii.gz,136,144,106,59,369,324,19187
CILM_CT_192811_0000.nii.gz,48,65,113,64,359,351,19281
CILM_CT_194391_0000.nii.gz,0,22,96,66,358,312,19439
CILM_CT_194392_0000.nii.gz,39,71,96,66,358,312,19439
CILM_CT_195651_0000.nii.gz,71,74,71,49,354,300,19565
CILM_CT_197521_0000.nii.gz,76,83,134,64,391,285,19752
CILM_CT_197522_0000.nii.gz,84,85,134,64,391,285,19752
CILM_CT_197523_0000.nii.gz,95,95,134,64,391,285,19752
CILM_CT_197524_0000.nii.gz,99,99,134,64,391,285,19752
CILM_CT_198621_0000.nii.gz,0,22,99,32,401,367,19862
CILM_CT_198622_0000.nii.gz,29,46,99,32,401,367,19862
CILM_CT_198623_0000.nii.gz,54,58,99,32,401,367,19862
CILM_CT_198761_0000.nii.gz,62,63,129,64,394,311,19876
CILM_CT_198762_0000.nii.gz,74,79,129,64,394,311,19876
CILM_CT_198763_0000.nii.gz,82,84,129,64,394,311,19876
CILM_CT_198764_0000.nii.gz,85,85,129,64,394,311,19876
CILM_CT_198765_0000.nii.gz,88,88,129,64,394,311,19876
CILM_CT_201911_0000.nii.gz,113,115,119,84,351,375,20191
CILM_CT_201912_0000.nii.gz,141,141,119,84,351,375,20191
CILM_CT_203421_0000.nii.gz,12,29,88,26,390,419,20342
CILM_CT_203701_0000.nii.gz,76,80,70,62,337,322,20370
CILM_CT_203781_0000.nii.gz,64,66,116,37,385,323,20378
CILM_CT_203941_0000.nii.gz,71,71,116,39,376,302,20394
CILM_CT_203942_0000.nii.gz,76,76,116,39,376,302,20394
CILM_CT_203943_0000.nii.gz,80,82,116,39,376,302,20394
CILM_CT_205921_0000.nii.gz,17,17,59,45,332,326,20592
CILM_CT_205922_0000.nii.gz,19,34,59,45,332,326,20592
CILM_CT_205923_0000.nii.gz,36,36,59,45,332,326,20592
CILM_CT_206461_0000.nii.gz,68,69,123,59,409,334,20646
CILM_CT_206462_0000.nii.gz,73,74,123,59,409,334,20646
CILM_CT_206463_0000.nii.gz,79,79,123,59,409,334,20646
CILM_CT_206464_0000.nii.gz,81,82,123,59,409,334,20646
CILM_CT_206465_0000.nii.gz,83,85,123,59,409,334,20646
CILM_CT_206466_0000.nii.gz,87,88,123,59,409,334,20646
CILM_CT_206467_0000.nii.gz,89,89,123,59,409,334,20646
CILM_CT_206468_0000.nii.gz,90,90,123,59,409,334,20646
CILM_CT_207371_0000.nii.gz,73,74,93,41,377,344,20737
CILM_CT_207372_0000.nii.gz,82,83,93,41,377,344,20737
CILM_CT_207373_0000.nii.gz,85,85,93,41,377,344,20737
CILM_CT_209851_0000.nii.gz,67,70,92,62,375,389,20985
CILM_CT_211141_0000.nii.gz,65,71,109,46,388,310,21114
CILM_CT_211142_0000.nii.gz,74,77,109,46,388,310,21114
CILM_CT_211671_0000.nii.gz,446,460,7,81,58,346,21167
CILM_CT_213991_0000.nii.gz,2,2,165,61,416,266,21399
CILM_CT_213992_0000.nii.gz,3,4,165,61,416,266,21399
CILM_CT_213993_0000.nii.gz,11,11,165,61,416,266,21399
CILM_CT_215021_0000.nii.gz,148,158,106,62,385,347,21502
CILM_CT_215291_0000.nii.gz,3,4,114,61,352,345,21529
CILM_CT_215292_0000.nii.gz,8,9,114,61,352,345,21529
CILM_CT_215293_0000.nii.gz,26,29,114,61,352,345,21529
CILM_CT_215641_0000.nii.gz,54,54,151,74,367,348,21564
CILM_CT_215642_0000.nii.gz,74,80,151,74,367,348,21564
CILM_CT_215871_0000.nii.gz,81,85,134,100,327,318,21587
CILM_CT_217001_0000.nii.gz,96,102,95,21,416,366,21700
CILM_CT_217002_0000.nii.gz,110,116,95,21,416,366,21700
CILM_CT_217003_0000.nii.gz,132,132,95,21,416,366,21700
CILM_CT_217671_0000.nii.gz,120,121,81,76,369,319,21767
CILM_CT_217672_0000.nii.gz,132,134,81,76,369,319,21767
CILM_CT_217911_0000.nii.gz,103,108,120,75,351,349,21791
CILM_CT_217912_0000.nii.gz,111,113,120,75,351,349,21791
CILM_CT_217913_0000.nii.gz,114,115,120,75,351,349,21791
CILM_CT_217914_0000.nii.gz,118,119,120,75,351,349,21791
CILM_CT_217915_0000.nii.gz,125,129,120,75,351,349,21791
CILM_CT_219191_0000.nii.gz,72,74,144,33,396,316,21919
CILM_CT_219271_0000.nii.gz,48,50,51,52,310,335,21927
CILM_CT_219272_0000.nii.gz,54,54,51,52,310,335,21927
CILM_CT_219273_0000.nii.gz,57,66,51,52,310,335,21927
CILM_CT_220461_0000.nii.gz,105,117,149,67,338,334,22046
CILM_CT_221441_0000.nii.gz,372,388,131,41,375,355,22144
CILM_CT_221442_0000.nii.gz,395,405,131,41,375,355,22144
CILM_CT_221443_0000.nii.gz,435,438,131,41,375,355,22144
CILM_CT_226151_0000.nii.gz,179,188,82,50,363,366,22615
CILM_CT_226152_0000.nii.gz,206,210,82,50,363,366,22615
CILM_CT_227621_0000.nii.gz,18,28,128,39,406,310,22762
CILM_CT_227951_0000.nii.gz,6,20,124,34,381,472,22795
CILM_CT_227952_0000.nii.gz,28,35,124,34,381,472,22795
CILM_CT_227953_0000.nii.gz,44,49,124,34,381,472,22795
CILM_CT_227954_0000.nii.gz,51,55,124,34,381,472,22795
CILM_CT_228291_0000.nii.gz,89,90,168,73,393,327,22829
CILM_CT_228292_0000.nii.gz,102,107,168,73,393,327,22829
CILM_CT_228293_0000.nii.gz,110,112,168,73,393,327,22829
CILM_CT_228294_0000.nii.gz,121,125,168,73,393,327,22829
CILM_CT_228891_0000.nii.gz,125,130,96,83,375,382,22889
CILM_CT_229581_0000.nii.gz,247,330,93,47,374,356,22958
CILM_CT_232871_0000.nii.gz,135,139,74,91,293,352,23287
CILM_CT_232881_0000.nii.gz,22,24,109,25,394,330,23288
CILM_CT_232882_0000.nii.gz,25,47,109,25,394,330,23288
CILM_CT_233131_0000.nii.gz,0,3,119,60,341,330,23313
CILM_CT_233132_0000.nii.gz,4,11,119,60,341,330,23313
CILM_CT_233133_0000.nii.gz,15,15,119,60,341,330,23313
CILM_CT_233134_0000.nii.gz,16,17,119,60,341,330,23313
CILM_CT_233135_0000.nii.gz,18,21,119,60,341,330,23313
CILM_CT_233321_0000.nii.gz,0,8,71,47,300,376,23332
CILM_CT_233322_0000.nii.gz,10,14,71,47,300,376,23332
CILM_CT_234331_0000.nii.gz,72,106,147,26,464,344,23433
CILM_CT_235001_0000.nii.gz,122,154,21,86,89,351,23500
CILM_CT_237261_0000.nii.gz,108,120,165,55,384,362,23726
CILM_CT_237262_0000.nii.gz,139,142,165,55,384,362,23726
CILM_CT_238271_0000.nii.gz,284,297,113,62,370,434,23827
CILM_CT_238272_0000.nii.gz,303,373,113,62,370,434,23827
CILM_CT_238571_0000.nii.gz,125,134,131,79,371,339,23857
CILM_CT_243291_0000.nii.gz,112,114,115,44,367,288,24329
CILM_CT_243341_0000.nii.gz,162,167,83,57,352,326,24334
CILM_CT_245121_0000.nii.gz,49,73,170,27,427,410,24512
CILM_CT_246091_0000.nii.gz,170,183,154,71,345,332,24609
CILM_CT_246092_0000.nii.gz,185,217,154,71,345,332,24609
CILM_CT_246093_0000.nii.gz,228,251,154,71,345,332,24609
CILM_CT_246501_0000.nii.gz,471,489,129,84,360,337,24650
CILM_CT_246731_0000.nii.gz,14,45,136,68,363,309,24673
CILM_CT_248361_0000.nii.gz,1,6,107,51,382,323,24836
CILM_CT_248362_0000.nii.gz,13,16,107,51,382,323,24836
CILM_CT_249321_0000.nii.gz,173,191,83,76,334,299,24932
CILM_CT_251821_0000.nii.gz,73,73,115,60,348,344,25182
CILM_CT_251822_0000.nii.gz,74,81,115,60,348,344,25182
CILM_CT_252731_0000.nii.gz,60,65,124,71,348,292,25273
CILM_CT_253751_0000.nii.gz,54,57,140,40,395,246,25375
CILM_CT_253752_0000.nii.gz,61,61,140,40,395,246,25375
CILM_CT_256151_0000.nii.gz,98,101,100,45,385,316,25615
CILM_CT_256152_0000.nii.gz,113,115,100,45,385,316,25615
CILM_CT_258481_0000.nii.gz,175,194,128,113,313,315,25848
CILM_CT_258482_0000.nii.gz,203,215,128,113,313,315,25848
CILM_CT_260261_0000.nii.gz,49,49,143,99,344,419,26026
CILM_CT_260262_0000.nii.gz,61,68,143,99,344,419,26026
CILM_CT_260263_0000.nii.gz,70,76,143,99,344,419,26026
CILM_CT_261401_0000.nii.gz,18,19,64,44,310,321,26140
CILM_CT_261402_0000.nii.gz,35,35,64,44,310,321,26140
CILM_CT_261501_0000.nii.gz,84,86,120,65,354,316,26150
CILM_CT_261502_0000.nii.gz,88,95,120,65,354,316,26150
CILM_CT_263291_0000.nii.gz,367,402,17,109,81,285,26329
CILM_CT_263292_0000.nii.gz,423,473,17,109,81,285,26329
CILM_CT_263661_0000.nii.gz,38,42,137,31,400,370,26366
CILM_CT_263871_0000.nii.gz,191,197,104,68,351,318,26387
CILM_CT_263872_0000.nii.gz,198,206,104,68,351,318,26387
CILM_CT_263873_0000.nii.gz,210,212,104,68,351,318,26387
CILM_CT_265391_0000.nii.gz,83,85,104,44,376,303,26539
CILM_CT_265681_0000.nii.gz,115,128,86,35,359,402,26568
CILM_CT_265791_0000.nii.gz,14,16,149,56,386,331,26579
CILM_CT_265792_0000.nii.gz,32,41,149,56,386,331,26579
CILM_CT_266861_0000.nii.gz,285,287,138,63,364,336,26686
CILM_CT_266862_0000.nii.gz,390,394,138,63,364,336,26686
CILM_CT_266863_0000.nii.gz,406,410,138,63,364,336,26686
CILM_CT_266864_0000.nii.gz,411,428,138,63,364,336,26686
CILM_CT_267191_0000.nii.gz,1,2,156,61,371,353,26719
CILM_CT_267192_0000.nii.gz,8,10,156,61,371,353,26719
CILM_CT_267193_0000.nii.gz,13,13,156,61,371,353,26719
CILM_CT_267194_0000.nii.gz,21,21,156,61,371,353,26719
CILM_CT_269331_0000.nii.gz,33,43,122,72,337,337,26933
CILM_CT_269332_0000.nii.gz,44,44,122,72,337,337,26933
CILM_CT_271391_0000.nii.gz,7,26,127,63,359,408,27139
CILM_CT_271581_0000.nii.gz,84,90,151,63,382,409,27158
CILM_CT_271582_0000.nii.gz,101,101,151,63,382,409,27158
CILM_CT_271583_0000.nii.gz,102,103,151,63,382,409,27158
CILM_CT_271671_0000.nii.gz,298,317,161,88,340,321,27167
CILM_CT_271672_0000.nii.gz,343,353,161,88,340,321,27167
CILM_CT_271673_0000.nii.gz,358,410,161,88,340,321,27167
CILM_CT_272321_0000.nii.gz,118,134,118,50,389,317,27232
CILM_CT_273371_0000.nii.gz,0,1,148,71,386,388,27337
CILM_CT_273541_0000.nii.gz,71,71,72,19,380,299,27354
CILM_CT_274791_0000.nii.gz,21,25,75,42,401,344,27479
CILM_CT_275541_0000.nii.gz,79,84,128,52,352,398,27554
CILM_CT_277411_0000.nii.gz,109,121,102,72,325,290,27741
CILM_CT_277412_0000.nii.gz,140,147,102,72,325,290,27741
CILM_CT_277501_0000.nii.gz,15,20,121,55,388,286,27750
CILM_CT_277502_0000.nii.gz,22,23,121,55,388,286,27750
CILM_CT_279251_0000.nii.gz,0,43,77,27,394,362,27925
CILM_CT_279671_0000.nii.gz,67,71,127,77,319,329,27967
CILM_CT_282171_0000.nii.gz,119,123,135,84,375,319,28217
CILM_CT_282172_0000.nii.gz,130,135,135,84,375,319,28217
CILM_CT_282173_0000.nii.gz,138,139,135,84,375,319,28217
CILM_CT_282174_0000.nii.gz,149,152,135,84,375,319,28217
CILM_CT_282175_0000.nii.gz,157,161,135,84,375,319,28217
CILM_CT_291721_0000.nii.gz,63,66,80,61,345,392,29172
CILM_CT_291722_0000.nii.gz,69,70,80,61,345,392,29172
CILM_CT_291723_0000.nii.gz,74,74,80,61,345,392,29172
CILM_CT_291861_0000.nii.gz,145,149,104,52,371,315,29186
CILM_CT_291862_0000.nii.gz,157,166,104,52,371,315,29186
CILM_CT_291863_0000.nii.gz,168,169,104,52,371,315,29186
CILM_CT_295551_0000.nii.gz,61,62,100,44,374,327,29555
CILM_CT_295552_0000.nii.gz,72,73,100,44,374,327,29555
CILM_CT_295553_0000.nii.gz,74,74,100,44,374,327,29555
CILM_CT_296341_0000.nii.gz,20,57,133,76,349,390,29634
CILM_CT_297611_0000.nii.gz,70,75,111,73,347,334,29761
CILM_CT_297931_0000.nii.gz,13,13,120,81,343,313,29793
CILM_CT_297932_0000.nii.gz,27,32,120,81,343,313,29793
CILM_CT_297933_0000.nii.gz,46,52,120,81,343,313,29793
CILM_CT_297991_0000.nii.gz,71,73,132,86,353,345,29799
CILM_CT_297992_0000.nii.gz,80,80,132,86,353,345,29799
CILM_CT_297993_0000.nii.gz,81,82,132,86,353,345,29799
CILM_CT_299241_0000.nii.gz,109,123,137,61,379,317,29924
CILM_CT_299242_0000.nii.gz,128,130,137,61,379,317,29924
CILM_CT_299661_0000.nii.gz,18,19,85,33,376,335,29966
CILM_CT_299662_0000.nii.gz,24,24,85,33,376,335,29966
CILM_CT_299663_0000.nii.gz,25,29,85,33,376,335,29966
CILM_CT_299771_0000.nii.gz,142,143,67,77,332,356,29977
CILM_CT_299772_0000.nii.gz,145,149,67,77,332,356,29977
CILM_CT_300651_0000.nii.gz,11,22,124,61,381,352,30065
CILM_CT_300652_0000.nii.gz,24,26,124,61,381,352,30065
CILM_CT_301361_0000.nii.gz,35,35,125,66,391,374,30136
CILM_CT_301362_0000.nii.gz,39,39,125,66,391,374,30136
CILM_CT_308211_0000.nii.gz,12,24,130,49,421,321,30821
CILM_CT_310531_0000.nii.gz,73,77,101,75,377,339,31053
CILM_CT_310532_0000.nii.gz,79,83,101,75,377,339,31053
CILM_CT_310533_0000.nii.gz,89,89,101,75,377,339,31053
CILM_CT_311191_0000.nii.gz,66,66,143,70,362,409,31119
CILM_CT_311192_0000.nii.gz,85,86,143,70,362,409,31119
CILM_CT_311193_0000.nii.gz,88,91,143,70,362,409,31119
CILM_CT_311961_0000.nii.gz,79,83,101,83,370,315,31196
CILM_CT_314601_0000.nii.gz,164,168,124,76,368,320,31460
CILM_CT_315591_0000.nii.gz,16,43,120,30,388,327,31559
CILM_CT_316231_0000.nii.gz,47,47,172,81,360,378,31623
CILM_CT_316232_0000.nii.gz,66,69,172,81,360,378,31623
CILM_CT_318511_0000.nii.gz,141,141,79,42,346,282,31851
CILM_CT_318512_0000.nii.gz,153,160,79,42,346,282,31851
CILM_CT_318641_0000.nii.gz,66,70,127,34,407,311,31864
CILM_CT_318642_0000.nii.gz,73,74,127,34,407,311,31864
CILM_CT_318643_0000.nii.gz,75,75,127,34,407,311,31864
CILM_CT_319171_0000.nii.gz,59,66,102,55,344,286,31917
CILM_CT_319591_0000.nii.gz,68,70,117,70,344,323,31959
CILM_CT_319592_0000.nii.gz,72,72,117,70,344,323,31959
CILM_CT_320091_0000.nii.gz,0,85,94,40,363,332,32009
CILM_CT_320941_0000.nii.gz,49,59,125,74,349,350,32094
CILM_CT_321561_0000.nii.gz,78,86,100,73,353,327,32156
CILM_CT_321562_0000.nii.gz,92,94,100,73,353,327,32156
CILM_CT_322211_0000.nii.gz,71,71,100,51,387,319,32221
CILM_CT_322212_0000.nii.gz,80,80,100,51,387,319,32221
CILM_CT_322213_0000.nii.gz,84,85,100,51,387,319,32221
CILM_CT_322214_0000.nii.gz,86,86,100,51,387,319,32221
CILM_CT_322215_0000.nii.gz,90,91,100,51,387,319,32221
CILM_CT_322216_0000.nii.gz,96,100,100,51,387,319,32221
CILM_CT_323411_0000.nii.gz,127,134,133,112,328,392,32341
CILM_CT_323781_0000.nii.gz,305,313,90,66,337,322,32378
CILM_CT_323782_0000.nii.gz,363,377,90,66,337,322,32378
CILM_CT_323783_0000.nii.gz,394,401,90,66,337,322,32378
CILM_CT_323784_0000.nii.gz,409,416,90,66,337,322,32378
CILM_CT_323931_0000.nii.gz,84,85,78,51,364,337,32393
CILM_CT_323932_0000.nii.gz,104,105,78,51,364,337,32393
CILM_CT_323933_0000.nii.gz,109,109,78,51,364,337,32393
CILM_CT_323934_0000.nii.gz,110,115,78,51,364,337,32393
CILM_CT_323935_0000.nii.gz,124,125,78,51,364,337,32393
CILM_CT_323936_0000.nii.gz,130,131,78,51,364,337,32393
CILM_CT_325051_0000.nii.gz,282,289,100,57,396,368,32505
CILM_CT_325052_0000.nii.gz,296,318,100,57,396,368,32505
CILM_CT_326531_0000.nii.gz,0,10,80,23,347,372,32653
CILM_CT_326532_0000.nii.gz,39,43,80,23,347,372,32653
CILM_CT_326651_0000.nii.gz,79,81,138,61,376,364,32665
CILM_CT_326652_0000.nii.gz,83,88,138,61,376,364,32665
CILM_CT_326751_0000.nii.gz,39,85,85,29,387,334,32675
CILM_CT_326752_0000.nii.gz,91,93,85,29,387,334,32675
CILM_CT_326753_0000.nii.gz,103,132,85,29,387,334,32675
CILM_CT_327031_0000.nii.gz,108,120,125,64,342,315,32703
CILM_CT_327032_0000.nii.gz,141,152,125,64,342,315,32703
CILM_CT_327033_0000.nii.gz,153,162,125,64,342,315,32703
CILM_CT_327034_0000.nii.gz,196,214,125,64,342,315,32703
CILM_CT_327341_0000.nii.gz,71,72,113,58,356,314,32734
CILM_CT_327342_0000.nii.gz,80,85,113,58,356,314,32734
CILM_CT_327343_0000.nii.gz,86,88,113,58,356,314,32734
CILM_CT_327611_0000.nii.gz,79,86,110,33,350,311,32761
CILM_CT_329151_0000.nii.gz,66,67,117,67,365,294,32915
CILM_CT_329152_0000.nii.gz,69,77,117,67,365,294,32915
CILM_CT_329153_0000.nii.gz,80,80,117,67,365,294,32915
CILM_CT_329154_0000.nii.gz,82,85,117,67,365,294,32915
CILM_CT_329155_0000.nii.gz,86,87,117,67,365,294,32915
CILM_CT_331111_0000.nii.gz,0,16,120,69,383,264,33111
CILM_CT_331112_0000.nii.gz,20,30,120,69,383,264,33111
CILM_CT_331113_0000.nii.gz,32,32,120,69,383,264,33111
CILM_CT_331114_0000.nii.gz,37,50,120,69,383,264,33111
CILM_CT_332701_0000.nii.gz,159,180,99,79,367,309,33270
CILM_CT_333201_0000.nii.gz,24,25,132,41,376,271,33320
CILM_CT_333202_0000.nii.gz,29,32,132,41,376,271,33320
CILM_CT_333203_0000.nii.gz,35,45,132,41,376,271,33320
CILM_CT_333204_0000.nii.gz,49,52,132,41,376,271,33320
CILM_CT_333205_0000.nii.gz,54,61,132,41,376,271,33320
CILM_CT_333206_0000.nii.gz,64,64,132,41,376,271,33320
CILM_CT_333207_0000.nii.gz,70,71,132,41,376,271,33320
CILM_CT_334061_0000.nii.gz,68,77,143,77,347,399,33406
CILM_CT_334062_0000.nii.gz,78,79,143,77,347,399,33406
CILM_CT_334381_0000.nii.gz,112,117,87,90,332,358,33438
CILM_CT_334881_0000.nii.gz,19,19,95,54,342,305,33488
CILM_CT_334882_0000.nii.gz,20,23,95,54,342,305,33488
CILM_CT_334883_0000.nii.gz,26,27,95,54,342,305,33488
CILM_CT_335121_0000.nii.gz,61,66,77,55,361,358,33512
CILM_CT_335541_0000.nii.gz,441,454,92,39,381,368,33554
CILM_CT_335542_0000.nii.gz,543,552,92,39,381,368,33554
CILM_CT_337281_0000.nii.gz,60,61,78,78,321,300,33728
CILM_CT_337282_0000.nii.gz,66,66,78,78,321,300,33728
CILM_CT_337283_0000.nii.gz,80,84,78,78,321,300,33728
CILM_CT_337911_0000.nii.gz,73,73,79,41,367,328,33791
CILM_CT_337912_0000.nii.gz,79,82,79,41,367,328,33791
CILM_CT_338911_0000.nii.gz,85,95,102,71,347,311,33891
CILM_CT_338912_0000.nii.gz,110,121,102,71,347,311,33891
CILM_CT_339061_0000.nii.gz,4,4,126,55,371,298,33906
CILM_CT_339062_0000.nii.gz,5,8,126,55,371,298,33906
CILM_CT_339063_0000.nii.gz,11,12,126,55,371,298,33906
CILM_CT_339064_0000.nii.gz,14,14,126,55,371,298,33906
CILM_CT_349531_0000.nii.gz,53,55,154,83,396,412,34953
CILM_CT_349532_0000.nii.gz,65,65,154,83,396,412,34953
CILM_CT_349533_0000.nii.gz,74,74,154,83,396,412,34953
CILM_CT_349534_0000.nii.gz,76,77,154,83,396,412,34953
CILM_CT_351261_0000.nii.gz,63,67,149,73,383,353,35126
CILM_CT_351262_0000.nii.gz,68,72,149,73,383,353,35126
CILM_CT_351263_0000.nii.gz,76,76,149,73,383,353,35126
CILM_CT_351264_0000.nii.gz,77,80,149,73,383,353,35126
CILM_CT_392291_0000.nii.gz,116,122,195,54,401,263,39229
CILM_CT_392292_0000.nii.gz,123,123,195,54,401,263,39229
CILM_CT_392293_0000.nii.gz,127,127,195,54,401,263,39229
CILM_CT_392294_0000.nii.gz,131,132,195,54,401,263,39229
CILM_CT_392295_0000.nii.gz,135,137,195,54,401,263,39229
CILM_CT_392296_0000.nii.gz,138,139,195,54,401,263,39229
CILM_CT_392297_0000.nii.gz,145,154,195,54,401,263,39229
CILM_CT_392298_0000.nii.gz,155,156,195,54,401,263,39229
CILM_CT_400341_0000.nii.gz,62,64,137,86,378,327,40034
CILM_CT_400342_0000.nii.gz,67,67,137,86,378,327,40034
CILM_CT_400343_0000.nii.gz,70,71,137,86,378,327,40034
CILM_CT_400344_0000.nii.gz,75,75,137,86,378,327,40034
CILM_CT_404471_0000.nii.gz,68,72,102,78,337,293,40447
CILM_CT_411811_0000.nii.gz,59,64,78,43,381,313,41181
CILM_CT_425851_0000.nii.gz,181,187,173,52,422,320,42585
CILM_CT_431471_0000.nii.gz,271,275,130,85,362,353,43147
CILM_CT_446021_0000.nii.gz,33,55,125,53,386,334,44602
CILM_CT_473101_0000.nii.gz,0,41,110,60,378,299,47310
CILM_CT_486261_0000.nii.gz,76,86,131,40,411,285,48626
CILM_CT_490211_0000.nii.gz,73,74,131,50,362,396,49021
CILM_CT_490212_0000.nii.gz,78,79,131,50,362,396,49021
CILM_CT_503481_0000.nii.gz,31,35,155,76,390,355,50348
CILM_CT_503482_0000.nii.gz,39,44,155,76,390,355,50348
CILM_CT_504101_0000.nii.gz,10,14,123,72,376,393,50410
CILM_CT_504102_0000.nii.gz,15,15,123,72,376,393,50410
CILM_CT_504103_0000.nii.gz,17,17,123,72,376,393,50410
CILM_CT_504104_0000.nii.gz,18,18,123,72,376,393,50410
CILM_CT_509261_0000.nii.gz,76,78,101,58,384,334,50926
CILM_CT_509262_0000.nii.gz,81,83,101,58,384,334,50926
CILM_CT_511011_0000.nii.gz,456,484,8,65,77,337,51101
CILM_CT_516431_0000.nii.gz,90,91,93,46,363,324,51643
CILM_CT_516432_0000.nii.gz,96,115,93,46,363,324,51643
CILM_CT_516433_0000.nii.gz,120,124,93,46,363,324,51643
CILM_CT_516434_0000.nii.gz,126,127,93,46,363,324,51643
CILM_CT_524851_0000.nii.gz,13,28,158,84,402,361,52485
CILM_CT_524852_0000.nii.gz,42,47,158,84,402,361,52485
CILM_CT_528721_0000.nii.gz,0,0,83,58,324,328,52872
CILM_CT_528722_0000.nii.gz,7,8,83,58,324,328,52872
CILM_CT_528723_0000.nii.gz,10,16,83,58,324,328,52872
CILM_CT_528724_0000.nii.gz,19,19,83,58,324,328,52872
CILM_CT_542931_0000.nii.gz,171,206,78,72,318,369,54293
CILM_CT_542932_0000.nii.gz,207,209,78,72,318,369,54293
CILM_CT_550461_0000.nii.gz,44,47,134,60,380,322,55046
CILM_CT_550462_0000.nii.gz,59,64,134,60,380,322,55046
CILM_CT_550463_0000.nii.gz,65,69,134,60,380,322,55046
CILM_CT_550464_0000.nii.gz,82,82,134,60,380,322,55046
CILM_CT_608341_0000.nii.gz,13,25,122,57,387,341,60834
CILM_CT_608342_0000.nii.gz,46,47,122,57,387,341,60834
CILM_CT_608343_0000.nii.gz,50,52,122,57,387,341,60834
CILM_CT_608344_0000.nii.gz,56,60,122,57,387,341,60834
CILM_CT_608345_0000.nii.gz,64,69,122,57,387,341,60834
CILM_CT_625321_0000.nii.gz,24,43,157,81,399,300,62532
CILM_CT_626111_0000.nii.gz,21,23,100,77,375,309,62611
CILM_CT_626112_0000.nii.gz,29,30,100,77,375,309,62611
CILM_CT_626113_0000.nii.gz,38,39,100,77,375,309,62611
CILM_CT_635051_0000.nii.gz,358,386,105,72,384,325,63505
CILM_CT_635052_0000.nii.gz,418,422,105,72,384,325,63505
CILM_CT_636601_0000.nii.gz,14,14,149,55,387,335,63660
CILM_CT_636602_0000.nii.gz,16,23,149,55,387,335,63660
CILM_CT_636603_0000.nii.gz,29,34,149,55,387,335,63660
CILM_CT_691461_0000.nii.gz,77,81,165,76,377,342,69146
CILM_CT_724781_0000.nii.gz,0,9,119,48,416,303,72478
CILM_CT_724782_0000.nii.gz,14,19,119,48,416,303,72478
CILM_CT_724783_0000.nii.gz,26,30,119,48,416,303,72478
CILM_CT_724784_0000.nii.gz,31,38,119,48,416,303,72478
CILM_CT_724785_0000.nii.gz,44,53,119,48,416,303,72478
CILM_CT_736721_0000.nii.gz,0,3,119,37,421,415,73672
CILM_CT_736722_0000.nii.gz,8,21,119,37,421,415,73672
CILM_CT_736723_0000.nii.gz,29,60,119,37,421,415,73672
CILM_CT_754401_0000.nii.gz,62,74,77,29,363,301,75440
CILM_CT_754402_0000.nii.gz,75,77,77,29,363,301,75440
CILM_CT_758191_0000.nii.gz,71,76,116,71,386,293,75819
CILM_CT_766571_0000.nii.gz,55,58,134,76,329,356,76657
CILM_CT_766572_0000.nii.gz,63,71,134,76,329,356,76657
CILM_CT_766573_0000.nii.gz,80,81,134,76,329,356,76657
CILM_CT_772751_0000.nii.gz,70,91,106,105,340,339,77275
CILM_CT_772752_0000.nii.gz,98,116,106,105,340,339,77275
CILM_CT_792211_0000.nii.gz,22,22,113,27,428,307,79221
CILM_CT_792212_0000.nii.gz,29,30,113,27,428,307,79221
CILM_CT_798811_0000.nii.gz,76,76,74,59,340,357,79881
CILM_CT_798812_0000.nii.gz,78,83,74,59,340,357,79881
CILM_CT_798813_0000.nii.gz,88,89,74,59,340,357,79881
CILM_CT_798814_0000.nii.gz,95,97,74,59,340,357,79881
CILM_CT_802591_0000.nii.gz,127,127,117,66,365,298,80259
CILM_CT_802592_0000.nii.gz,134,136,117,66,365,298,80259
CILM_CT_802593_0000.nii.gz,156,160,117,66,365,298,80259
CILM_CT_802594_0000.nii.gz,161,166,117,66,365,298,80259
CILM_CT_809941_0000.nii.gz,107,107,113,52,399,326,80994
CILM_CT_809942_0000.nii.gz,122,127,113,52,399,326,80994
CILM_CT_812331_0000.nii.gz,146,148,117,72,374,327,81233
CILM_CT_812332_0000.nii.gz,167,171,117,72,374,327,81233
CILM_CT_828011_0000.nii.gz,80,85,88,30,349,307,82801
CILM_CT_839581_0000.nii.gz,37,40,145,64,402,358,83958
CILM_CT_839582_0000.nii.gz,63,64,145,64,402,358,83958
CILM_CT_839583_0000.nii.gz,104,117,145,64,402,358,83958
CILM_CT_864751_0000.nii.gz,93,102,125,86,352,376,86475
CILM_CT_864752_0000.nii.gz,104,105,125,86,352,376,86475
CILM_CT_872431_0000.nii.gz,310,332,129,87,370,329,87243
CILM_CT_872432_0000.nii.gz,337,353,129,87,370,329,87243
CILM_CT_872433_0000.nii.gz,380,388,129,87,370,329,87243
CILM_CT_877701_0000.nii.gz,22,30,145,29,428,302,87770
CILM_CT_877702_0000.nii.gz,33,33,145,29,428,302,87770
CILM_CT_877703_0000.nii.gz,35,36,145,29,428,302,87770
CILM_CT_877704_0000.nii.gz,37,37,145,29,428,302,87770
CILM_CT_877705_0000.nii.gz,40,41,145,29,428,302,87770
CILM_CT_877706_0000.nii.gz,43,43,145,29,428,302,87770
CILM_CT_888271_0000.nii.gz,82,84,126,51,432,288,88827
CILM_CT_888272_0000.nii.gz,89,92,126,51,432,288,88827
CILM_CT_888273_0000.nii.gz,94,94,126,51,432,288,88827
CILM_CT_890921_0000.nii.gz,363,379,115,73,359,352,89092
CILM_CT_893201_0000.nii.gz,290,308,117,38,364,339,89320
CILM_CT_893202_0000.nii.gz,339,342,117,38,364,339,89320
CILM_CT_941311_0000.nii.gz,98,99,100,43,370,297,94131
CILM_CT_941312_0000.nii.gz,111,112,100,43,370,297,94131
CILM_CT_949121_0000.nii.gz,9,9,99,35,350,306,94912
CILM_CT_949122_0000.nii.gz,13,14,99,35,350,306,94912
CILM_CT_949123_0000.nii.gz,29,30,99,35,350,306,94912
CILM_CT_975751_0000.nii.gz,0,2,131,96,334,376,97575
CILM_CT_975752_0000.nii.gz,4,5,131,96,334,376,97575
CILM_CT_994001_0000.nii.gz,101,106,115,61,351,347,99400
CILM_CT_994002_0000.nii.gz,110,116,115,61,351,347,99400
